     0/149      4.5G    0.1035   0.03407         0    0.1376         7       640         0         0   0.00265  0.000728   0.08665   0.02701         0
     1/149     4.56G     0.088   0.03355         0    0.1216         8       640         0         0  0.003115 0.0007468   0.08569   0.02575         0
     2/149     4.56G   0.08647   0.03017         0    0.1166         5       640         0         0  0.003023 0.0008347   0.08461   0.02491         0
     3/149     4.57G   0.09004   0.02982         0    0.1199         5       640         0         0   0.00371 0.0008027   0.08263   0.02392         0
     4/149     4.57G   0.09329   0.03142         0    0.1247         5       640         0         0  0.004984  0.001002   0.08026   0.02297         0
     5/149     4.57G   0.09748   0.02962         0    0.1271         5       640         0         0  0.006468  0.001382   0.07775    0.0221         0
     6/149     4.57G   0.08809   0.03136         0    0.1194         6       640         0         0  0.007399  0.001357   0.07465   0.02145         0
     7/149     4.57G   0.08836   0.02973         0    0.1181         6       640         0         0   0.01072  0.001921   0.07207   0.02086         0
     8/149     4.57G   0.08277   0.03202         0    0.1148         8       640         0         0   0.01343  0.002438   0.07025   0.02029         0
     9/149     4.57G   0.07093    0.0292         0    0.1001         6       640         0         0   0.01632  0.002889   0.06855   0.01986         0
    10/149     4.57G   0.08307   0.02749         0    0.1106         5       640         0         0   0.02485  0.005295   0.06693   0.01979         0
    11/149     4.57G   0.07931   0.03325         0    0.1126         6       640         0         0   0.03183  0.006598   0.06587   0.01961         0
    12/149     4.57G    0.0738    0.0273         0    0.1011         4       640         0         0   0.05999   0.01192   0.06421   0.01935         0
    13/149     4.57G   0.06566   0.03185         0   0.09751         8       640         0         0   0.05071   0.01096   0.06307   0.01921         0
    14/149     4.57G   0.08336   0.02909         0    0.1125         6       640         0         0   0.05149   0.01511   0.05762   0.01873         0
    15/149     4.57G    0.0747   0.02443         0   0.09913         2       640         0         0   0.07278   0.01872   0.05485   0.01848         0
    16/149     4.57G   0.06947   0.02592         0   0.09539         3       640         0         0    0.1023   0.02375   0.05031   0.01819         0
    17/149     4.57G   0.04842   0.03233         0   0.08075         6       640         0         0    0.1523    0.0378   0.04826   0.01783         0
    18/149     4.57G   0.05611   0.02497         0   0.08108         5       640         1   0.02978    0.1835   0.06609   0.04618   0.01774         0
    19/149     4.57G   0.05416   0.02955         0   0.08371         7       640    0.8693   0.04918     0.281   0.09601   0.05061   0.01725         0
    20/149     4.57G   0.04964   0.02841         0   0.07805         5       640    0.6107    0.1311    0.2959   0.09814   0.05075   0.01688         0
    21/149     4.57G   0.05734   0.02792         0   0.08526         5       640    0.6557    0.1639    0.3386    0.1273   0.05267   0.01627         0
    22/149     4.57G    0.0501   0.02638         0   0.07648         6       640    0.4518    0.1639     0.343    0.1275   0.05164   0.01625         0
    23/149     4.57G     0.051   0.02999         0   0.08099         8       640    0.5183    0.2623    0.3322    0.1188   0.04839   0.01603         0
    24/149     4.57G   0.04903   0.02891         0   0.07794         6       640    0.4272    0.3791    0.3619    0.1128   0.04739   0.01582         0
    25/149     4.57G   0.05133   0.02733         0   0.07865         4       640    0.3117    0.5574    0.4095    0.1595   0.03859   0.01631         0
    26/149     4.57G   0.04854   0.02877         0    0.0773         6       640     0.295    0.5967    0.4017    0.1294   0.04212   0.01593         0
    27/149     4.57G   0.04882   0.02498         0    0.0738         4       640    0.2454    0.6393    0.3936    0.1218   0.04575   0.01588         0
    28/149     4.57G   0.05268   0.02812         0   0.08081         7       640    0.2678    0.6066    0.3827    0.1151   0.04629   0.01575         0
    29/149     4.57G   0.04022   0.02466         0   0.06488         5       640    0.2115    0.6066    0.3844    0.1272   0.04412   0.01581         0
    30/149     4.57G   0.03867   0.02271         0   0.06139         4       640    0.2017    0.6721    0.3812    0.1031   0.04172   0.01572         0
    31/149     4.57G   0.04456   0.02291         0   0.06747         5       640    0.2095    0.6885    0.4255      0.15   0.03985   0.01552         0
    32/149     4.57G   0.04835   0.02474         0    0.0731         4       640    0.2239    0.7377    0.3962    0.1329    0.0375   0.01535         0
    33/149     4.57G   0.04559   0.02528         0   0.07088         6       640    0.2096    0.7541    0.3719     0.135   0.03599    0.0149         0
    34/149     4.57G   0.05105   0.02443         0   0.07548         8       640    0.1832    0.7705    0.4543    0.1446   0.03637   0.01476         0
    35/149     4.57G   0.04103    0.0226         0   0.06363         4       640    0.1731    0.7705    0.4473    0.1651   0.03672   0.01468         0
    36/149     4.57G   0.03723   0.02318         0   0.06041         6       640    0.1953    0.7869    0.5045     0.211   0.03657   0.01452         0
    37/149     4.57G    0.0385   0.02408         0   0.06258         6       640    0.2053    0.7869    0.4959    0.1753   0.03623   0.01415         0
    38/149     4.57G   0.04393   0.01957         0   0.06351         2       640    0.2244    0.8361    0.5432    0.2383    0.0364    0.0139         0
    39/149     4.57G   0.03456    0.0221         0   0.05666         6       640    0.2607    0.8689    0.5246     0.198   0.03792    0.0132         0
    40/149     4.57G   0.03893    0.0208         0   0.05973         4       640    0.2879    0.8197    0.5267    0.2077   0.03753   0.01256         0
    41/149     4.57G    0.0442    0.0228         0     0.067         8       640    0.3173    0.9016    0.6295    0.2509   0.03598   0.01275         0
    42/149     4.57G   0.04081   0.02117         0   0.06198         5       640    0.3213    0.9016    0.5546    0.2282   0.03867   0.01254         0
    43/149     4.57G    0.0501   0.02636         0   0.07646         9       640    0.1988    0.8689    0.3764    0.1263   0.03891   0.01241         0
    44/149     4.57G   0.04459   0.02095         0   0.06554         6       640    0.3023    0.8689    0.5042    0.2049   0.03907    0.0121         0
    45/149     4.57G   0.03701   0.02219         0    0.0592         8       640    0.3012    0.8361    0.5935    0.2197   0.03629   0.01208         0
    46/149     4.57G   0.04184   0.02292         0   0.06476         7       640    0.3131    0.8689     0.525    0.1949   0.03981   0.01174         0
    47/149     4.57G     0.036   0.01932         0   0.05532         6       640    0.3742    0.8361    0.6363    0.2673   0.03553   0.01199         0
    48/149     4.57G   0.03316   0.01888         0   0.05204         4       640    0.4133    0.8525    0.6531    0.2419   0.03455   0.01191         0
    49/149     4.57G   0.03415     0.018         0   0.05215         4       640    0.3188    0.8689    0.5079     0.187    0.0382   0.01135         0
    50/149     4.57G    0.0452   0.01925         0   0.06445         6       640    0.3692    0.8689    0.5738    0.2437    0.0404   0.01102         0
    51/149     4.57G   0.04633   0.01985         0   0.06618         6       640    0.3368    0.8197    0.5579    0.2485   0.04182   0.01078         0
    52/149     4.57G   0.03938   0.01778         0   0.05717         5       640    0.4499    0.8689     0.589    0.2217   0.03386   0.01142         0
    53/149     4.57G   0.03636   0.01924         0    0.0556         7       640    0.3473    0.8525    0.5805    0.2438   0.03672   0.01098         0
    54/149     4.57G   0.02999    0.0216         0   0.05159         6       640    0.5206    0.8852    0.8026    0.3642   0.03168   0.01125         0
    55/149     4.57G   0.03608   0.01642         0   0.05249         4       640    0.5241    0.8689    0.8122    0.3832    0.0309   0.01112         0
    56/149     4.57G   0.03392   0.02161         0   0.05554         6       640    0.3669    0.8852    0.6078     0.259   0.03502   0.01071         0
    57/149     4.57G   0.04723   0.02171         0   0.06893         7       640    0.3616     0.845    0.5655    0.2723   0.03983   0.01014         0
    58/149     4.57G   0.04797   0.01858         0   0.06655         6       640    0.3735    0.8689    0.5564    0.2523   0.03765  0.009842         0
    59/149     4.57G   0.03936   0.01755         0   0.05691         4       640      0.39    0.8197    0.5638    0.1836   0.03429   0.01028         0
    60/149     4.57G   0.04935   0.01547         0   0.06482         3       640    0.3523    0.8033    0.5455     0.213   0.03515   0.01038         0
    61/149     4.57G   0.03939   0.02169         0   0.06108         7       640    0.5572    0.8033    0.6883      0.37   0.03359   0.01057         0
    62/149     4.57G   0.03074   0.01931         0   0.05004         6       640    0.4699    0.8197    0.6234    0.2794   0.03375   0.01042         0
    63/149     4.57G   0.04484   0.01568         0   0.06052         5       640    0.4017    0.8525    0.5281    0.2269   0.03495   0.01043         0
    64/149     4.57G   0.03483   0.01713         0   0.05196         6       640    0.5957    0.8361    0.7583    0.3378   0.03606   0.01023         0
    65/149     4.57G   0.03586   0.01726         0   0.05312         6       640    0.4315    0.8689    0.5962     0.308   0.03341   0.01043         0
    66/149     4.57G   0.02936   0.01993         0   0.04929         8       640     0.411    0.8689    0.5549    0.1889   0.03489   0.01025         0
    67/149     4.57G   0.04291   0.01611         0   0.05902         5       640    0.4733    0.8361     0.634    0.2993   0.03553   0.01007         0
    68/149     4.57G     0.036   0.01509         0   0.05109         4       640    0.5713    0.8361    0.6967    0.3229   0.03222   0.01029         0
    69/149     4.57G   0.03461    0.0191         0    0.0537         5       640    0.6245    0.8525    0.7978    0.3772   0.03277   0.01003         0
    70/149     4.57G    0.0292   0.01979         0   0.04899         7       640    0.4424    0.8689    0.6778    0.3611   0.03337  0.009945         0
    71/149     4.57G    0.0309   0.01837         0   0.04927         6       640    0.5383    0.8525    0.7741    0.3171   0.03397  0.009957         0
    72/149     4.57G   0.03566   0.01586         0   0.05151         4       640    0.3674    0.8852    0.5966    0.2773   0.03486  0.009769         0
    73/149     4.57G   0.04711   0.01656         0   0.06367         4       640    0.3754    0.8197    0.5877    0.2751   0.03573  0.009616         0
    74/149     4.57G    0.0329   0.01555         0   0.04845         4       640    0.4381    0.8197    0.6314    0.2288   0.03397  0.009792         0
    75/149     4.57G   0.03125    0.0154         0   0.04665         4       640    0.5392    0.8361    0.7705    0.3742   0.03427  0.009847         0
    76/149     4.57G   0.03311   0.01774         0   0.05084         4       640    0.5183    0.7869    0.7117     0.318   0.03338  0.009847         0
    77/149     4.57G   0.03344   0.01597         0   0.04941         5       640    0.4515    0.8361    0.6556    0.2742   0.03223  0.009812         0
    78/149     4.57G   0.03118   0.01584         0   0.04702         6       640    0.4486    0.8033    0.6389    0.2506   0.03504  0.009559         0
    79/149     4.57G   0.03867   0.01716         0   0.05583         5       640     0.563    0.8525    0.8077    0.4113   0.03186  0.009729         0
    80/149     4.57G    0.0295   0.01801         0   0.04751         5       640     0.643    0.8525    0.8386    0.4271   0.03373  0.009466         0
    81/149     4.57G   0.04015   0.01767         0   0.05781         5       640    0.4167    0.8525    0.6979    0.3103   0.03358  0.009498         0
    82/149     4.57G   0.03913   0.01796         0   0.05709         5       640    0.4133    0.8361    0.6582    0.2526   0.03398  0.009548         0
    83/149     4.57G    0.0371   0.01553         0   0.05263         4       640    0.3891    0.8525    0.6445    0.2754   0.03379  0.009406         0
    84/149     4.57G   0.02441   0.01683         0   0.04123         7       640    0.6079    0.8689    0.8587    0.4768   0.03123  0.009418         0
    85/149     4.57G   0.03923    0.0225         0   0.06172         9       640    0.5067    0.8689    0.7558    0.3989   0.03064  0.009453         0
    86/149     4.57G   0.02886   0.01686         0   0.04571         6       640    0.6138     0.918    0.8824    0.4317   0.02802  0.009454         0
    87/149     4.57G   0.04479   0.01673         0   0.06152         6       640    0.4449    0.9016    0.7159    0.3334   0.03059  0.009088         0
    88/149     4.57G   0.03255   0.01579         0   0.04834         3       640    0.5478    0.8689    0.8321    0.4412   0.02964  0.009069         0
    89/149     4.57G   0.03088   0.01566         0   0.04654         7       640    0.4846    0.8361    0.7679    0.3833   0.03112  0.008881         0
    90/149     4.57G   0.02857   0.01526         0   0.04383         4       640    0.5699    0.8852    0.7925     0.393   0.02947  0.009032         0
    91/149     4.57G   0.03322   0.01679         0   0.05001         6       640    0.6037    0.8361    0.8552    0.4224    0.0311  0.008779         0
    92/149     4.57G   0.03625   0.01657         0   0.05282         6       640    0.4575    0.8525    0.6865    0.3321   0.03058  0.008906         0
    93/149     4.57G   0.03129   0.01423         0   0.04552         3       640    0.6902    0.8399    0.8656    0.4155   0.03116   0.00895         0
    94/149     4.57G   0.02913   0.01874         0   0.04787         5       640    0.5658    0.8689    0.7947    0.3822   0.03038  0.008984         0
    95/149     4.57G   0.02942   0.01442         0   0.04384         5       640    0.6532    0.8852    0.8973    0.4075   0.03368  0.008688         0
    96/149     4.57G   0.03717   0.01711         0   0.05427         8       640    0.6302    0.9016    0.8615    0.4681   0.03103  0.008841         0
    97/149     4.57G   0.03303   0.01622         0   0.04925         6       640    0.6461    0.9016    0.8884    0.4485   0.03237  0.008707         0
    98/149     4.57G   0.02239   0.01541         0    0.0378         6       640    0.6793    0.9016    0.9035    0.4827    0.0298   0.00884         0
    99/149     4.57G   0.03382   0.01693         0   0.05076         7       640    0.6585    0.9016    0.8554    0.4311   0.03197  0.008692         0
   100/149     4.57G   0.03014   0.01782         0   0.04796         9       640    0.6436    0.9016    0.8942    0.5075   0.03109  0.008793         0
   101/149     4.57G   0.02465   0.01533         0   0.03998         5       640    0.7224    0.8852    0.8769    0.4123   0.03089  0.008796         0
   102/149     4.57G    0.0297   0.01693         0   0.04663         6       640    0.6989    0.9016    0.8982    0.4677   0.02962   0.00888         0
   103/149     4.57G   0.02662    0.0156         0   0.04222         7       640    0.7713    0.8852    0.8973    0.4474   0.02994  0.008861         0
   104/149     4.57G   0.03366   0.01613         0   0.04979         4       640    0.5466    0.9016    0.7712    0.3751   0.02981  0.008862         0
   105/149     4.57G   0.02814   0.01608         0   0.04421         5       640    0.5739    0.8689    0.8604    0.4007   0.03352  0.008441         0
   106/149     4.57G   0.02722   0.01419         0   0.04141         5       640    0.7014     0.918    0.9046    0.4422   0.03069  0.008651         0
   107/149     4.57G   0.02432   0.01395         0   0.03827         3       640    0.6321     0.918    0.8155    0.3478   0.03125  0.008687         0
   108/149     4.57G   0.03282   0.01694         0   0.04975         5       640     0.677    0.8852    0.8874    0.4333   0.03127  0.008539         0
   109/149     4.57G   0.03625   0.01533         0   0.05158         4       640    0.6733    0.8852    0.8905    0.4518   0.02975  0.008719         0
   110/149     4.57G   0.03454   0.01679         0   0.05133         7       640    0.7027    0.9016    0.8973    0.5145   0.02932  0.008712         0
   111/149     4.57G   0.02184   0.01427         0   0.03612         4       640    0.7038    0.8852      0.89    0.4922   0.03067  0.008651         0
   112/149     4.57G   0.02908   0.01567         0   0.04474         7       640    0.6865    0.8852    0.8945    0.4867    0.0296   0.00876         0
   113/149     4.57G   0.02353   0.01347         0   0.03701         4       640    0.5587    0.9016     0.894    0.4693   0.03059  0.008708         0
   114/149     4.57G   0.02477    0.0164         0   0.04117         6       640    0.7034    0.8852    0.8931    0.4687   0.03108  0.008676         0
   115/149     4.57G   0.03253   0.01613         0   0.04866         7       640      0.65    0.9016    0.8993    0.4796   0.02997  0.008738         0
   116/149     4.57G   0.03362   0.01334         0   0.04696         5       640    0.6759    0.8852    0.8484    0.3841   0.03122  0.008661         0
   117/149     4.57G   0.02947   0.01541         0   0.04488         5       640    0.6515    0.9016    0.8927    0.4535   0.02999  0.008562         0
   118/149     4.57G   0.03304   0.01346         0    0.0465         5       640    0.6433    0.8852    0.8587    0.4715   0.02996   0.00852         0
   119/149     4.57G   0.02527   0.01858         0   0.04385         8       640    0.7629     0.918    0.9103    0.4981   0.03098  0.008439         0
   120/149     4.57G    0.0223   0.01339         0    0.0357         4       640    0.7745    0.9008    0.9032    0.4964   0.02952   0.00852         0
   121/149     4.57G   0.03371   0.01273         0   0.04644         3       640     0.678    0.8852    0.8701    0.4655   0.03104  0.008395         0
   122/149     4.57G   0.03394   0.01569         0   0.04963         5       640    0.7091    0.8392    0.8804    0.4181   0.03218  0.008476         0
   123/149     4.57G   0.03451   0.01759         0   0.05209         7       640    0.7186    0.8852    0.8964    0.4961   0.02969  0.008556         0
   124/149     4.57G   0.01718   0.01281         0   0.02999         5       640    0.7214    0.8916    0.8991    0.4559   0.02885  0.008617         0
   125/149     4.57G   0.02441   0.01586         0   0.04027         4       640    0.7171    0.8852    0.8905    0.4899   0.02871  0.008545         0
   126/149     4.57G   0.01793   0.01768         0   0.03561         8       640    0.6186    0.9016    0.8357    0.4554   0.02996  0.008458         0
   127/149     4.57G   0.02019   0.01371         0    0.0339         2       640    0.6865    0.8852     0.894    0.4705   0.02941  0.008492         0
   128/149     4.57G   0.02791   0.01483         0   0.04273         5       640    0.6283    0.8852    0.8524     0.472   0.03138  0.008374         0
   129/149     4.57G    0.0343   0.01614         0   0.05045         6       640    0.6998    0.9016    0.8887    0.5141     0.028  0.008642         0
   130/149     4.57G   0.02114   0.01561         0   0.03674         8       640    0.6409    0.8689    0.8687    0.4039   0.03346  0.008361         0
   131/149     4.57G   0.03386   0.01363         0   0.04749         4       640    0.6955    0.9016    0.9015    0.4318   0.03151  0.008561         0
   132/149     4.57G   0.02313   0.01344         0   0.03657         4       640    0.6219     0.918    0.8599    0.4466   0.03108  0.008588         0
   133/149     4.57G   0.02589   0.01562         0   0.04151         8       640    0.7066     0.918    0.9161    0.5228   0.02847  0.008714         0
   134/149     4.57G   0.02549   0.01487         0   0.04036         6       640    0.7659     0.918    0.9094    0.5236   0.02972  0.008624         0
   135/149     4.57G   0.01727   0.01478         0   0.03205         7       640    0.7256    0.9016    0.9103    0.4741   0.03037  0.008495         0
   136/149     4.57G    0.0376   0.01358         0   0.05118         5       640    0.6646    0.8852    0.8155     0.416   0.02891  0.008695         0
   137/149     4.57G   0.03202   0.01381         0   0.04583         7       640    0.6689    0.9016     0.874    0.4881   0.02784  0.008742         0
   138/149     4.57G   0.02472   0.01344         0   0.03816         4       640    0.6815    0.9016    0.8906    0.4401   0.03003  0.008512         0
   139/149     4.57G   0.02867   0.01378         0   0.04245         5       640    0.7724     0.918    0.9026    0.5001   0.02614  0.008828         0
   140/149     4.57G   0.02566   0.01476         0   0.04041         4       640     0.781     0.918    0.9004    0.5299   0.02737  0.008696         0
   141/149     4.57G   0.01855   0.01422         0   0.03277         4       640    0.7183     0.918    0.8983    0.5032   0.02756  0.008677         0
   142/149     4.57G   0.03455   0.01508         0   0.04963         9       640    0.5712    0.9016    0.8575    0.4437   0.03172  0.008493         0
   143/149     4.57G   0.02391   0.01441         0   0.03832         6       640    0.7295    0.9016    0.8966    0.5178   0.02994  0.008565         0
   144/149     4.57G   0.02251    0.0148         0   0.03731         8       640    0.6987    0.9123     0.892    0.4289   0.02791  0.008672         0
   145/149     4.57G   0.02156   0.01284         0   0.03441         6       640     0.601    0.9016    0.8191    0.4302   0.03041  0.008426         0
   146/149     4.57G   0.02279   0.01496         0   0.03775         8       640    0.7354    0.9114    0.9027    0.4924   0.02908  0.008427         0
   147/149     4.57G    0.0254   0.01387         0   0.03927         4       640     0.736    0.9016     0.885    0.4974   0.03031  0.008319         0
   148/149     4.57G   0.02815   0.01382         0   0.04197         8       640    0.6354    0.9016    0.7799    0.3926   0.02899  0.008443         0
   149/149     4.57G   0.02557   0.01392         0   0.03949         5       640    0.7837    0.8909    0.8898    0.4727   0.02921  0.008435         0
