     0/149     4.58G    0.1146   0.04111         0    0.1557        27       640         0         0   0.02957  0.005133    0.1084   0.03249         0
     1/149     4.51G    0.1107   0.04053         0    0.1513        24       640         0         0   0.02365  0.004033    0.1048   0.03031         0
     2/149     4.51G    0.1071   0.03991         0     0.147        36       640         0         0    0.0197   0.00442    0.1016   0.02901         0
     3/149     4.51G    0.1019   0.03911         0     0.141        33       640         0         0   0.03657  0.008056   0.09883   0.02809         0
     4/149     4.51G   0.09875   0.04104         0    0.1398        29       640    0.1958  0.009791   0.06618   0.01475   0.09115   0.02935         0
     5/149     4.51G   0.09106   0.04296         0     0.134        23       640         0         0   0.08888   0.02804   0.08713   0.02941         0
     6/149     4.51G   0.08727   0.04334         0    0.1306        27       640     0.588     0.025    0.1663   0.04069   0.08245   0.02981         0
     7/149     4.51G   0.08317   0.04666         0    0.1298        28       640    0.4482     0.025    0.2275   0.05085    0.0789   0.03027         0
     8/149     4.51G   0.07776   0.04629         0    0.1241        36       640    0.8132    0.1099    0.3531   0.09695   0.07523   0.03042         0
     9/149     4.51G   0.07361   0.04556         0    0.1192        30       640    0.6271     0.325    0.3775    0.1192   0.06949   0.03064         0
    10/149     4.51G   0.06973   0.04923         0     0.119        30       640    0.3607     0.475    0.3884     0.106   0.06218   0.03181         0
    11/149     4.51G   0.06437   0.05152         0    0.1159        31       640    0.2539     0.725    0.4967     0.147   0.06431   0.03098         0
    12/149     4.51G    0.0621   0.04637         0    0.1085        28       640    0.2402      0.75    0.6071    0.2016    0.0597   0.03158         0
    13/149     4.51G   0.05774   0.04847         0    0.1062        30       640    0.2665      0.75      0.57    0.2284   0.05576   0.03238         0
    14/149     4.51G   0.05558   0.04634         0    0.1019        21       640    0.2796     0.775    0.7289    0.2812   0.05626   0.03267         0
    15/149     4.51G   0.05314    0.0466         0   0.09973        24       640    0.3062     0.775    0.7386     0.328   0.05411   0.03199         0
    16/149     4.51G   0.05076   0.04473         0   0.09549        28       640    0.1428       0.8    0.3489   0.08475   0.06684   0.02962         0
    17/149     4.51G   0.06117   0.04409         0    0.1053        36       640    0.3462      0.65    0.4968     0.118    0.0588   0.02951         0
    18/149     4.51G   0.05736   0.04423         0    0.1016        32       640    0.6421       0.6    0.6399    0.1604   0.05641   0.02942         0
    19/149     4.51G   0.05283   0.04336         0   0.09619        25       640     0.381      0.75    0.5217    0.1299   0.05811   0.02829         0
    20/149     4.51G   0.05415   0.04296         0   0.09711        28       640    0.3021       0.8    0.5494    0.1904   0.05455   0.02744         0
    21/149     4.51G   0.05009   0.04436         0   0.09444        37       640    0.3735     0.825    0.6269    0.2243   0.05606   0.02707         0
    22/149     4.51G   0.05061   0.04062         0   0.09123        22       640    0.3874       0.8    0.5928    0.2477   0.05465   0.02698         0
    23/149     4.51G    0.0503   0.04315         0   0.09345        28       640      0.33       0.9    0.4967    0.1415   0.05312   0.02645         0
    24/149     4.51G   0.05444   0.04046         0   0.09491        31       640     0.615     0.875    0.7604    0.3024   0.05439   0.02587         0
    25/149     4.51G   0.05127   0.04029         0   0.09155        28       640    0.7119     0.825     0.812    0.2178   0.05949   0.02473         0
    26/149     4.51G   0.05113    0.0402         0   0.09133        30       640    0.5852     0.825    0.7557    0.2856   0.05549   0.02536         0
    27/149     4.51G   0.04809   0.04094         0   0.08903        33       640    0.5329      0.85    0.8287    0.3694   0.04668   0.02631         0
    28/149     4.51G   0.04536   0.03899         0   0.08435        24       640    0.4371      0.85     0.608    0.3053   0.04838   0.02453         0
    29/149     4.51G   0.04873   0.03737         0   0.08611        21       640    0.3624     0.875    0.5267    0.2007   0.04883   0.02441         0
    30/149     4.51G   0.04838   0.04156         0   0.08994        45       640    0.4308     0.875    0.6276    0.2365   0.05033   0.02343         0
    31/149     4.51G   0.05032   0.03806         0   0.08838        29       640    0.6228     0.875    0.7824     0.454   0.04509   0.02516         0
    32/149     4.51G   0.04767   0.04006         0   0.08773        29       640    0.6489     0.825    0.8474    0.3831   0.04987   0.02347         0
    33/149     4.51G    0.0447   0.03699         0   0.08169        20       640    0.4811       0.9    0.8182    0.4315   0.04723   0.02423         0
    34/149     4.51G   0.04524   0.03805         0   0.08329        36       640    0.3799     0.875    0.5412    0.1426   0.05174   0.02313         0
    35/149     4.51G   0.04641   0.03724         0   0.08365        27       640    0.6316    0.8143    0.8233    0.3807   0.05264   0.02379         0
    36/149     4.51G   0.04371   0.03572         0   0.07943        30       640    0.5117     0.775    0.7172    0.3101   0.05464    0.0237         0
    37/149     4.51G    0.0439   0.03698         0   0.08088        27       640    0.7074       0.8    0.7856    0.3087   0.05475   0.02474         0
    38/149     4.51G   0.04128   0.03668         0   0.07796        28       640    0.6403       0.9    0.8628     0.408   0.04733    0.0229         0
    39/149     4.51G   0.03931   0.03759         0    0.0769        29       640     0.434       0.9    0.5907    0.2079   0.04552   0.02186         0
    40/149     4.51G   0.04103   0.03496         0   0.07599        29       640    0.5082     0.925     0.623    0.2852     0.039   0.02395         0
    41/149     4.51G    0.0408   0.03203         0   0.07283        22       640    0.5333     0.875    0.7342    0.3449   0.04944   0.02181         0
    42/149     4.51G   0.04255   0.03309         0   0.07564        28       640    0.6258     0.925    0.8527    0.3787   0.04367   0.02325         0
    43/149     4.51G   0.04004   0.03501         0   0.07505        29       640    0.6977      0.95    0.8853    0.4682   0.04097    0.0235         0
    44/149     4.51G   0.04045   0.03691         0   0.07737        28       640    0.5664     0.875     0.706     0.302   0.04584    0.0252         0
    45/149     4.51G   0.04143   0.03392         0   0.07535        19       640    0.5989      0.95    0.9195    0.3472   0.05132   0.02253         0
    46/149     4.51G   0.03667   0.03313         0    0.0698        32       640    0.5782     0.925    0.7987    0.3616   0.05193    0.0218         0
    47/149     4.51G   0.03803   0.03471         0   0.07274        28       640     0.757       0.9    0.8663    0.4888   0.05271   0.02211         0
    48/149     4.51G   0.03738   0.03387         0   0.07125        23       640    0.5631     0.925    0.8315    0.4138   0.04069   0.02284         0
    49/149     4.51G   0.03584   0.03441         0   0.07024        27       640    0.5878     0.925    0.7628    0.4078   0.04427   0.02279         0
    50/149     4.51G   0.03977   0.03693         0    0.0767        31       640     0.326     0.925    0.4972    0.1748   0.05756   0.02367         0
    51/149     4.51G   0.04831   0.03436         0   0.08267        34       640     0.772       0.8    0.8495    0.4395   0.05108   0.02409         0
    52/149     4.51G   0.04226   0.03376         0   0.07602        28       640    0.4499     0.925    0.6411    0.2842    0.0459   0.02288         0
    53/149     4.51G   0.04167   0.03378         0   0.07545        36       640    0.4428     0.975    0.7854    0.3072   0.05369   0.02075         0
    54/149     4.51G   0.04635   0.03375         0    0.0801        31       640    0.6592     0.975    0.8747    0.4209   0.04552   0.02245         0
    55/149     4.51G   0.04735   0.03194         0   0.07929        35       640    0.6641     0.925    0.8754    0.4202   0.05107   0.02212         0
    56/149     4.51G   0.03739   0.03427         0   0.07166        33       640    0.3927      0.95    0.6958     0.367   0.04701   0.02231         0
    57/149     4.51G   0.03807   0.03348         0   0.07155        22       640    0.7462     0.975    0.9191    0.5333    0.0399   0.02168         0
    58/149     4.51G   0.04066   0.03145         0   0.07211        33       640    0.4331      0.95    0.7625    0.3436   0.04766   0.02114         0
    59/149     4.51G   0.03706   0.03174         0    0.0688        31       640    0.4746     0.975    0.8449    0.3082   0.04691   0.02107         0
    60/149     4.51G    0.0433   0.03078         0   0.07408        31       640    0.5938       0.9    0.8796    0.4546   0.04747   0.02175         0
    61/149     4.51G   0.04345   0.02951         0   0.07296        30       640    0.6355       0.9    0.9128    0.5183   0.04665   0.02149         0
    62/149     4.51G   0.03483   0.03222         0   0.06704        41       640    0.4775      0.95    0.7902    0.4021   0.05233   0.02017         0
    63/149     4.51G   0.03831   0.03177         0   0.07008        27       640    0.6544     0.925    0.8096    0.4112   0.04373   0.02189         0
    64/149     4.51G   0.03654    0.0319         0   0.06844        30       640    0.6672    0.9521    0.9225      0.39   0.04678   0.02244         0
    65/149     4.51G   0.03537   0.03202         0   0.06739        27       640    0.6559     0.925    0.8372    0.3904    0.0474     0.021         0
    66/149     4.51G   0.03554    0.0306         0   0.06614        27       640    0.8408    0.9243    0.9121    0.4898   0.04475   0.02429         0
    67/149     4.51G   0.03573   0.03073         0   0.06646        27       640    0.6741       0.9    0.8702    0.3751   0.04767    0.0217         0
    68/149     4.51G    0.0325   0.03298         0   0.06548        31       640    0.6016      0.95    0.7373    0.3776   0.04761   0.02366         0
    69/149     4.51G   0.03509   0.03011         0   0.06519        32       640    0.7947      0.95    0.9141    0.5081   0.04629   0.02379         0
    70/149     4.51G   0.03159   0.03035         0   0.06193        27       640    0.5953      0.95     0.717    0.3533   0.04776   0.02368         0
    71/149     4.51G   0.03187   0.03182         0   0.06368        29       640    0.5861       0.9    0.8055    0.4382   0.04954    0.0235         0
    72/149     4.51G   0.03494   0.03187         0   0.06681        32       640    0.6766      0.95    0.9131     0.519   0.04452   0.02267         0
    73/149     4.51G   0.03566   0.02965         0   0.06531        28       640    0.6841      0.95    0.9041    0.4617   0.04599   0.02394         0
    74/149     4.51G   0.03033   0.03158         0   0.06191        27       640    0.6938    0.9062    0.9034    0.4062    0.0535   0.02241         0
    75/149     4.51G   0.03473   0.03144         0   0.06617        30       640    0.6904     0.925    0.9116     0.493   0.04462   0.02155         0
    76/149     4.51G   0.03416   0.03034         0   0.06449        28       640    0.6888       0.9    0.8866    0.5037     0.047   0.02355         0
    77/149     4.51G   0.03146   0.03043         0   0.06189        28       640    0.7599     0.875    0.8854    0.3979   0.04646   0.02505         0
    78/149     4.51G   0.02979   0.03078         0   0.06057        35       640    0.7728      0.95    0.9156    0.5466   0.04606   0.02302         0
    79/149     4.51G   0.03114    0.0286         0   0.05974        28       640     0.744      0.95    0.9471    0.5405   0.04344   0.02338         0
    80/149     4.51G   0.02669   0.03019         0   0.05688        40       640    0.6463         1    0.9448    0.5572   0.04455   0.02292         0
    81/149     4.51G   0.02953   0.02974         0   0.05926        27       640    0.7537     0.975    0.8985    0.4766   0.04628   0.02353         0
    82/149     4.51G   0.03178    0.0301         0   0.06188        21       640    0.7259     0.925    0.8981    0.3967   0.05102   0.02239         0
    83/149     4.51G   0.03462    0.0286         0   0.06322        32       640    0.4271     0.925    0.7472     0.283   0.06725    0.0231         0
    84/149     4.51G   0.04448   0.02859         0   0.07307        28       640    0.6846      0.95    0.9096    0.4484   0.03555   0.02378         0
    85/149     4.51G   0.03126   0.03135         0   0.06261        28       640    0.5824      0.95     0.879    0.4022   0.03551   0.02544         0
    86/149     4.51G   0.03443   0.02891         0   0.06334        21       640    0.7841     0.875    0.8996    0.5063   0.04183   0.02356         0
    87/149     4.51G   0.02839   0.02995         0   0.05834        32       640    0.6909     0.975    0.9276    0.5454   0.03665   0.02209         0
    88/149     4.51G   0.03577   0.03116         0   0.06693        31       640    0.7083     0.975    0.9167    0.4913     0.036    0.0224         0
    89/149     4.51G   0.02697    0.0309         0   0.05787        22       640    0.7854      0.95     0.891    0.5114   0.03266   0.02473         0
    90/149     4.51G     0.033   0.02702         0   0.06002        38       640    0.8443    0.9491    0.8865     0.498   0.03849   0.02479         0
    91/149     4.51G   0.03097    0.0292         0   0.06017        31       640    0.8459     0.975    0.9161    0.5185   0.03739   0.02325         0
    92/149     4.51G   0.03054   0.02782         0   0.05836        23       640     0.785     0.975    0.9082    0.5499   0.03589   0.02723         0
    93/149     4.51G   0.02879   0.02717         0   0.05596        29       640    0.7213      0.95    0.8739    0.3977     0.049   0.02414         0
    94/149     4.51G   0.03363   0.02768         0   0.06131        25       640    0.7886      0.95    0.8669    0.4192   0.04948   0.02311         0
    95/149     4.51G   0.02526   0.03039         0   0.05564        22       640    0.6281      0.95    0.9169    0.5622   0.04135   0.02399         0
    96/149     4.51G   0.02462   0.02943         0   0.05404        33       640     0.705     0.975     0.902    0.4819   0.04686   0.02502         0
    97/149     4.51G   0.02409   0.02823         0   0.05232        25       640    0.6958    0.9724     0.889    0.4377   0.04836   0.02532         0
    98/149     4.51G    0.0268   0.02859         0   0.05539        34       640    0.6994    0.9307    0.8747      0.47   0.04774   0.02421         0
    99/149     4.51G   0.02617   0.02777         0   0.05394        32       640    0.6603     0.925    0.8823    0.4633   0.04664   0.02446         0
   100/149     4.51G   0.03008   0.02821         0    0.0583        36       640    0.7376    0.9137    0.8389    0.4697   0.04757    0.0237         0
   101/149     4.51G    0.0249   0.02846         0   0.05336        29       640    0.6172     0.887    0.8504    0.5536   0.04491   0.02171         0
   102/149     4.51G    0.0255   0.02749         0   0.05299        32       640    0.7267     0.925    0.8926    0.4516   0.04918   0.02118         0
   103/149     4.51G   0.02484   0.02595         0   0.05079        31       640    0.7324       0.9     0.885    0.4963    0.0486   0.02267         0
   104/149     4.51G   0.02928   0.02536         0   0.05464        24       640    0.7998     0.875    0.8663    0.4397   0.05006   0.02419         0
   105/149     4.51G   0.02505    0.0277         0   0.05274        25       640    0.7538     0.875    0.8649     0.426   0.04874   0.02265         0
   106/149     4.51G   0.02998   0.02636         0   0.05634        19       640    0.8197       0.9    0.8632    0.5428   0.03608   0.02126         0
   107/149     4.51G   0.02282   0.02781         0   0.05064        29       640    0.6934       0.9     0.861    0.5213   0.04233   0.02203         0
   108/149     4.51G    0.0276   0.02692         0   0.05452        25       640    0.7965      0.95    0.8883    0.5462   0.04239   0.02206         0
   109/149     4.51G   0.02118   0.02751         0   0.04869        24       640    0.7767      0.95    0.8862    0.5705    0.0356   0.02553         0
   110/149     4.51G   0.02088   0.02817         0   0.04905        37       640    0.7617     0.925    0.8829    0.5387   0.04198   0.02392         0
   111/149     4.51G   0.02197   0.02837         0   0.05034        31       640    0.7999     0.975    0.9312    0.5753   0.03945   0.02308         0
   112/149     4.51G   0.02695   0.02601         0   0.05296        31       640    0.8547     0.925    0.9399    0.5113    0.0404   0.02546         0
   113/149     4.51G   0.02061   0.02871         0   0.04932        27       640    0.7694     0.975    0.9156    0.5395   0.03861   0.02397         0
   114/149     4.51G   0.02669   0.02714         0   0.05383        36       640    0.7248     0.925    0.8807     0.517   0.03121    0.0239         0
   115/149     4.51G   0.02108   0.02597         0   0.04705        26       640    0.7534    0.9167    0.8905    0.5632   0.02515   0.02483         0
   116/149     4.51G    0.0241   0.02676         0   0.05086        21       640    0.7859    0.9178    0.8911    0.5962   0.02628   0.02366         0
   117/149     4.51G   0.02183   0.02557         0    0.0474        27       640    0.7701     0.925    0.8792    0.5582   0.02613   0.02291         0
   118/149     4.51G   0.02167    0.0275         0   0.04917        35       640    0.7224     0.925    0.9009    0.5988   0.03716   0.02176         0
   119/149     4.51G    0.0184   0.02504         0   0.04344        35       640    0.7554       0.9    0.8746    0.5601   0.03892   0.02273         0
   120/149     4.51G   0.02208   0.02676         0   0.04885        30       640    0.7265      0.95    0.9075    0.5831    0.0382   0.02366         0
   121/149     4.51G   0.01835   0.02828         0   0.04662        30       640    0.7181      0.95    0.9273     0.623    0.0404   0.02225         0
   122/149     4.51G   0.01889   0.02513         0   0.04401        25       640    0.7434      0.95    0.9277    0.6148   0.03885    0.0224         0
   123/149     4.51G   0.01948    0.0257         0   0.04517        35       640    0.7656      0.95      0.92    0.6292   0.03607   0.02397         0
   124/149     4.51G   0.02025   0.02743         0   0.04769        29       640    0.7485      0.95    0.9169    0.6117   0.03426   0.02409         0
   125/149     4.51G   0.01761   0.02559         0    0.0432        33       640    0.7306      0.95    0.9072    0.6126   0.03333   0.02342         0
   126/149     4.51G    0.0175   0.02543         0   0.04293        33       640    0.7629    0.9654    0.9234    0.6215   0.03531    0.0229         0
   127/149     4.51G   0.01899    0.0253         0    0.0443        40       640    0.7166      0.95    0.9167    0.5752   0.03788   0.02215         0
   128/149     4.51G   0.01716   0.02654         0    0.0437        28       640    0.7586      0.95    0.9023    0.5921    0.0375   0.02173         0
   129/149     4.51G   0.01712    0.0255         0   0.04262        29       640    0.7622     0.925    0.9189    0.6086   0.03336   0.02219         0
   130/149     4.51G   0.01762   0.02431         0   0.04193        31       640    0.7693      0.95    0.9272    0.6225   0.03302   0.02175         0
   131/149     4.51G   0.01661   0.02523         0   0.04184        28       640    0.7612    0.9563     0.932    0.6078   0.03338   0.02259         0
   132/149     4.51G   0.01855   0.02393         0   0.04247        34       640     0.784     0.975    0.9321    0.6051   0.03563   0.02388         0
   133/149     4.51G   0.01675   0.02309         0   0.03984        26       640    0.7715     0.975    0.9344     0.582   0.03549   0.02449         0
   134/149     4.51G   0.01918   0.02469         0   0.04387        32       640     0.783     0.975    0.9288    0.5911   0.03173   0.02413         0
   135/149     4.51G   0.01769   0.02554         0   0.04323        27       640    0.7594     0.975    0.9316    0.6095   0.03181   0.02362         0
   136/149     4.51G   0.01835   0.02483         0   0.04318        34       640    0.7673     0.975    0.9153    0.5969    0.0325   0.02388         0
   137/149     4.51G   0.01758   0.02515         0   0.04273        19       640    0.7698     0.975     0.904    0.5917   0.03241   0.02232         0
   138/149     4.51G   0.01896   0.02513         0    0.0441        36       640      0.77     0.925    0.8203    0.5475   0.04092   0.02403         0
   139/149     4.51G   0.01789   0.02484         0   0.04273        33       640     0.803     0.925    0.8641    0.5341   0.04147   0.02567         0
   140/149     4.51G   0.01717   0.02455         0   0.04172        38       640    0.7915     0.925    0.8599    0.5295   0.03975   0.02367         0
   141/149     4.51G   0.01735   0.02511         0   0.04246        31       640    0.7726     0.975    0.8925    0.5291   0.03504   0.02157         0
   142/149     4.51G   0.01945   0.02543         0   0.04487        23       640    0.7576     0.975    0.8927    0.5651   0.03561   0.02258         0
   143/149     4.51G   0.01528   0.02423         0    0.0395        25       640     0.742      0.95    0.8836    0.5674   0.03404    0.0224         0
   144/149     4.51G   0.01732   0.02507         0   0.04239        31       640    0.7578      0.95     0.886    0.6196   0.03304   0.02054         0
   145/149     4.51G   0.01712   0.02291         0   0.04004        19       640    0.7393      0.95    0.8906    0.6224   0.03316   0.02049         0
   146/149     4.51G   0.01764   0.02455         0   0.04219        29       640    0.7512      0.95    0.8848    0.5903   0.03242   0.02113         0
   147/149     4.51G   0.01602   0.02509         0   0.04111        34       640    0.7465    0.9569    0.8896    0.6188   0.03184   0.02041         0
   148/149     4.51G   0.01561   0.02419         0   0.03979        32       640    0.7616     0.975      0.89    0.5998   0.03079   0.02041         0
   149/149     4.51G   0.01614   0.02326         0    0.0394        28       640    0.7319     0.975      0.89    0.5993   0.02894   0.02055         0
